%YAML:1.0
intrisics: !!opencv-matrix
   rows: 3
   cols: 3
   dt: d
   data: [ 6.4188445011390775e+02, 0., -2.8847772203455685e+02, 0.,
       9.2883211570051003e+02, 2.1621877771262152e+02, 0., 0., 1. ]
projResX: 800
projResY: 680
rotation: !!opencv-matrix
   rows: 3
   cols: 1
   dt: d
   data: [ 1.3096844804370809e+00, 1.0427022750896345e-01,
       2.8956315997068822e+00 ]
translation: !!opencv-matrix
   rows: 3
   cols: 1
   dt: d
   data: [ -1.2946174657310532e+03, -1.7353554030799188e+02,
       -1.1838776149216792e+03 ]
reprojectionError: 3.0036957263946533e+00
