%YAML:1.0
intrisics: !!opencv-matrix
   rows: 3
   cols: 3
   dt: d
   data: [ 2.3120892304966255e+04, 0., 1.9759291038849005e+03, 0.,
       2.3858747038932612e+04, -1.8978738927141549e+03, 0., 0., 1. ]
projResX: 800
projResY: 680
rotation: !!opencv-matrix
   rows: 3
   cols: 1
   dt: d
   data: [ 5.9182890222472549e-02, -5.8396820626042156e-01,
       -3.0973123020597431e+00 ]
translation: !!opencv-matrix
   rows: 3
   cols: 1
   dt: d
   data: [ 1.1448900344739034e+03, -1.7636991666342533e+03,
       -1.7435775455647916e+04 ]
reprojectionError: 2.1134157180786133e+00
